"x" "y" "z"
0.0165031008049846 0.0444421718921512 0.356283344862026
0.0865322054177523 0.0104826988559216 0.484285704237306
0.121359076872468 0.0412123832665384 0.511603654166044
0.190320696160197 0.0280520735029131 0.520756345929514
0.242618691371754 0.0208179543633014 0.655308268233292
0.256822259975597 0.0229920993652195 0.350502783821157
0.32612421952188 0.03326007604599 0.742166463786601
0.390696761775762 0.00830010983161628 -0.216777267744468
0.427057400578633 0.0185725032072514 0.0231660961724282
0.473264589412138 0.0322315020486712 1.43866275530945
0.543273333813995 0.0176779699232429 2.30742147891993
0.573133366247639 0.0382627439219505 2.021428192535
0.632102825418115 0.0136068833060563 2.55825477789511
0.677905336078256 0.0249179574474692 1.25306221622806
0.709116987306625 0.0160419869050384 1.02233051271099
0.790992998816073 0.0126809327490628 0.10493675647677
0.814843509374186 0.0430248505622148 -0.187329672394376
0.856682381341234 0.0178690215107054 0.123108457019126
0.918116828771308 0.0241382553521544 1.09778982086926
0.993180145965889 0.00611970287747681 0.850513621896549
0.0405815726425499 0.076898378720507 -0.219671404988027
0.082712136246264 0.0807696088217199 0.0118970363742023
0.130620272550732 0.0788505417853594 0.350465302802828
0.194770791064948 0.0678774950280786 0.532932583424516
0.231228231964633 0.0906445724982768 0.551580281903556
0.283341218726709 0.0800502778962255 0.478664803314843
0.326762640988454 0.0671161966118962 0.83989342792072
0.378765680817887 0.0705281865503639 -0.37495210455851
0.416566389491782 0.0614190036989749 0.332432314512942
0.460884545892477 0.089502075901255 1.58590405677009
0.543520969301462 0.0931240485515445 2.40437689357193
0.591091961804777 0.0775457873381674 1.95773374236792
0.632628211136907 0.0681818965356797 2.23358131632795
0.686818696707487 0.0948646887484938 1.24771998136436
0.705984547380358 0.0643927870318294 0.774438803876393
0.774111838843673 0.0795068786107004 0.0392078699237987
0.835338381500915 0.0593271411769092 0.528001820155544
0.863656317433342 0.0744813027977943 0.50561585107592
0.917727240305394 0.0589778329338878 0.372354076760049
0.964265031414106 0.0614466305077076 0.237085787283978
0.0107120008952916 0.116319714831188 -0.253741864937482
0.0715818534325808 0.128354893438518 -0.0557184589571667
0.121548973051831 0.134268306354061 -0.367127723567359
0.169753818036988 0.111620836444199 0.105070562057631
0.211097789909691 0.139658710528165 0.450983897544667
0.26055224253796 0.133342965487391 1.06897201555434
0.314321363978088 0.135415981449187 0.787336676004555
0.373638498010114 0.110883364342153 0.492331844278144
0.415638905614614 0.119322278536856 1.37560393129005
0.489313108613715 0.131933299256489 2.41310370594304
0.506833246666938 0.125952904066071 1.92656151155641
0.572688002968207 0.118992071710527 1.6766933067178
0.636956993825734 0.114621228063479 1.5134065291715
0.659875970399007 0.107327671851963 1.57262048154838
0.727437919350341 0.114464789684862 0.955948885985652
0.763261255584657 0.1406031165272 0.562161007207157
0.810101266009733 0.137473096642643 0.093531276655531
0.885132314572111 0.1349006528873 -0.092710643583102
0.940801814366132 0.111196469031274 0.377758846930652
0.969978511035442 0.109989683544263 -0.653954366261015
0.0316046077851206 0.193989032339305 0.124314330770789
0.0587936264369637 0.172445199843496 -0.0407966865972232
0.120358785511926 0.173560665072873 -0.401294030852633
0.165975345782936 0.161611923249438 -0.629195862014473
0.237585601555184 0.178397462293506 0.493658953470229
0.272940653655678 0.165831120777875 0.542107279260347
0.337402574121952 0.164203876815736 0.81680866682172
0.387495580380782 0.182648313259706 1.11349080776908
0.436773692844436 0.166314095985144 2.01936532628828
0.472593267504126 0.187415922647342 2.03778153694515
0.53517900634557 0.158756664283574 1.4915324906164
0.580168845262378 0.187881202846766 0.545614111115244
0.633407296054065 0.172097131228074 1.36473060888758
0.655024990933016 0.185235490389168 1.81550830625226
0.724012662963942 0.181495420262218 0.557593801425497
0.763804755406454 0.17278109587729 0.344910050026903
0.820192661508918 0.180085847377777 0.227638988246851
0.87951084013097 0.155018613962457 -0.446436543762965
0.919071916369721 0.163689740560949 -0.724369386893075
0.959445416973904 0.1831948898267 -0.462659213941713
0.0147447789087892 0.213606659527868 0.312962764849855
0.0817222234979272 0.237557348851115 -0.648511785656502
0.12170587118715 0.217310554971918 -0.869763312823112
0.186527833361179 0.232509707426652 -0.268146488665983
0.209114585770294 0.242307243160903 -0.115936444488161
0.272395709659904 0.209631186593324 -0.245820526807738
0.344398279199377 0.210108227515593 -0.0119870843495465
0.390722044575959 0.232128954296932 0.80422222651717
0.440458762431517 0.222157943835482 1.58975885749737
0.462002106010914 0.238376039117575 1.16452142454422
0.510227827662602 0.243857522672042 0.273972515544837
0.581124077001587 0.207819559108466 0.336139634158243
0.618740658890456 0.223391407728195 0.999619913656622
0.681270325118676 0.23306340473704 1.29685689521765
0.717814929699525 0.208477606717497 0.722159334074434
0.762507644770667 0.244717760644853 0.89379820055029
0.836291772052646 0.215123959761113 -0.090182260905815
0.858743799468502 0.206981537425891 -0.143502130529636
0.923671161662787 0.232452997872606 -0.15082013871625
0.975460218396038 0.236477094106376 0.266257873109476
0.0289995583705604 0.269144243039191 0.547171854293286
0.0683129416126758 0.26965765779838 -0.184439889393659
0.124544521346688 0.266484005227685 -0.106545241783624
0.193178953099996 0.258198916492984 -0.717868915322817
0.224316095886752 0.269618170782924 -0.380940467863524
0.290614008884877 0.262120552584529 -1.60449403461886
0.341577527476475 0.276442148825154 -1.03543224780226
0.379349399292842 0.275157948480919 -0.0489368793998199
0.42142759106122 0.292801404139027 0.759164690632095
0.460883787637576 0.268652851358056 0.991189635652597
0.542411992130801 0.273588550966233 0.322276225362704
0.567049155998975 0.25830124726519 0.0033835959387476
0.607428822861984 0.289404273843393 1.63055925667327
0.692909077601507 0.270826425598934 0.958196121065361
0.733823850937188 0.284435974014923 1.14398091139031
0.760691771823913 0.261869736239314 0.518070006991108
0.826971386242658 0.273190465252846 0.0984272746134922
0.893163649542257 0.285808190377429 0.717072134337287
0.928419334124774 0.257505999933928 -0.00442626190759254
0.971180411269888 0.287603259803727 0.28660828226698
0.0309157391730696 0.317045700978488 0.393851269894475
0.0677928246837109 0.319586841119453 0.263225991613335
0.117308800434694 0.317484511677176 0.458605848071771
0.163790705250576 0.306494798595086 -0.335330087373657
0.219779554633424 0.325752196935937 -1.11856148509647
0.294368768138811 0.332160536628216 -1.31718462178049
0.311168092032894 0.341129342410713 -1.33238616222155
0.358641759995371 0.306021067937836 -0.511105989059096
0.410676276311278 0.344563130829483 0.488202462333437
0.482600284060463 0.317115504983813 1.28686248725996
0.529770259335637 0.342565536024049 1.59226495471983
0.590655764685944 0.332504303269088 1.78864120719331
0.631919963704422 0.32288147979416 1.99974432598534
0.684483109517023 0.337659125551581 1.37062358587394
0.725845429031178 0.306579967914149 1.02831897316767
0.781393537987024 0.33456126742065 0.883152674196312
0.837872218405828 0.318948779748753 -0.0992117573812298
0.886451262068004 0.338170032938942 -0.2750391409297
0.944192876694724 0.326421655667946 0.425575164135275
0.972577261449769 0.315981814544648 0.474827322479209
0.0174680880829692 0.38703792847693 0.36589816133659
0.0713789981044829 0.358665787791833 0.216467264663677
0.105418684473261 0.388284310968593 -0.439191058591739
0.162353980960324 0.36607420289889 -0.6811136332556
0.23870917275548 0.385124403983355 -1.06194666792155
0.264246471282095 0.393566102804616 -0.912804761422904
0.314563998226076 0.358258662400767 -1.3866498353289
0.358067646613345 0.389174589859322 -0.657542633198134
0.414828947121277 0.387089528683573 0.247079714175175
0.484285408221185 0.370406944183633 1.05420926499171
0.538898126604036 0.368103895960376 1.05411855699743
0.574901090683416 0.363197548119351 1.48926821818898
0.620516361193731 0.377775306506082 1.41407116824929
0.664857959765941 0.39052220761776 0.932825335278136
0.709443858452141 0.376188563657925 1.40524158019769
0.770599777409807 0.37847834627144 0.981128352051422
0.827877412559465 0.381629405701533 -0.294706918958049
0.863675710512325 0.376195698343217 -0.359701141858107
0.922790720080957 0.375393715975806 0.141047923229735
0.963719626748934 0.355646419236436 0.912305069253965
0.02509198253043 0.406908399397507 0.43990832561905
0.0691561828739941 0.442174027301371 -0.0824422452284242
0.130999406352639 0.435771421547979 -0.253634716973703
0.169988558264449 0.413043224643916 -0.631827303064208
0.219217815231532 0.431010460015386 -0.020690102321287
0.276347517818213 0.43115066729486 -0.275138291745332
0.334613374415785 0.420810150457546 -0.614929190331728
0.363844117512926 0.437492193141952 -0.395369558287681
0.421509844744578 0.426880936706439 0.132802525097467
0.465627467473969 0.44040530606173 0.635854264611257
0.530198922138661 0.427132559502497 0.479511141608338
0.56235313963145 0.441241924464703 0.288892375888932
0.639545764457434 0.428498454680666 1.06327450155205
0.684862720165402 0.421938546039164 1.1778817968935
0.731731385989115 0.442983412919566 1.12660206794808
0.779720714930445 0.433361516138539 1.07632883323764
0.819889522409067 0.42153221632354 0.869734248182264
0.876193427434191 0.405734563348815 0.0592486053328554
0.939987293714657 0.427669363310561 0.102135644675636
0.978270003991202 0.424602538123727 0.419171713229308
0.0385907105915248 0.490146960848942 0.3808299276613
0.0674979265965521 0.487514107516035 0.46811833608424
0.133331612888724 0.489163999101147 -0.0698511233023888
0.165600712243468 0.469715837910771 -0.241353416482772
0.228773727761582 0.489957996513695 0.496734044264922
0.274251592019573 0.461053526857868 0.204970769439555
0.315601309258491 0.466272466788068 0.449499247807328
0.377583617391065 0.481668206313625 0.953889172049359
0.441527528921142 0.494095343071967 0.787169250525345
0.491074975579977 0.47830958946608 0.339484814668818
0.515966664860025 0.476063603181392 0.362656565623635
0.567859310256317 0.457431288994849 0.124383749264709
0.644425635375083 0.493761554546654 0.816935302353738
0.679799732407555 0.459809485143051 1.22899170759227
0.742492563566193 0.458534532040358 1.00532482739932
0.773661308092996 0.490230564596131 0.436209849945787
0.821273303730413 0.475334825189784 1.11038854070117
0.881369212968275 0.468499799892306 1.09995718756821
0.911093864673749 0.49077338501811 0.736565488578411
0.977914682328701 0.456278865123168 0.0136411580541527
0.0145490410737693 0.514489187896252 0.549323868483162
0.0934943574573845 0.532459614044055 0.539849461244075
0.129054629039019 0.514032736932859 0.467258289002389
0.175601189089939 0.517739783525467 0.484498455517654
0.221102933688089 0.511959352670237 0.829222294881982
0.2902098616492 0.537057183347642 1.77092233729648
0.319563674591482 0.510851282319054 1.23434720361541
0.366529571227729 0.537908695666119 0.921787972396257
0.411825809404254 0.51823991314508 0.95512734873045
0.461886869855225 0.519966775514185 0.462878171024301
0.524281704220921 0.530189816951752 0.0615824382350656
0.565118597140536 0.508865349721163 -0.0369921019028328
0.613650191584602 0.505879748612642 0.191135264367001
0.681975055523217 0.544721791213378 0.0169512486544054
0.706906545097008 0.528357553826645 0.470372985789768
0.783034123498946 0.536272922605276 0.0227365322160209
0.819075545538217 0.540675844904035 -0.35460174236647
0.871357759917155 0.535194618143141 0.0335070623945778
0.93783805295825 0.544168149204925 -0.0822673700143718
0.99175429392606 0.506765882717445 -0.0223645601690519
0.0163011332042515 0.591136035388336 1.02228563180313
0.0934441917482764 0.589620032561943 1.36886614234183
0.134135777130723 0.58601630365476 1.33356694030823
0.182455003280193 0.570072656674311 1.77868120644586
0.207113757710904 0.556684321947396 1.69132134939345
0.270808805385604 0.569576443266124 1.15661678160281
0.324113815193996 0.565950050791726 1.82755342874081
0.37741013054736 0.589018699228764 1.01348202285153
0.432930463794619 0.56949606849812 0.857618755174837
0.491627341536805 0.567179111624137 0.136850000103479
0.529734049094841 0.585365413576365 -0.226727315136706
0.572136860350147 0.58879338497296 -0.592552868069263
0.626683214688674 0.573316862443462 -1.09938660964012
0.657339139543474 0.58418526657857 -0.542170583868042
0.715434274282306 0.559163145441562 0.386776982390236
0.770886078132316 0.563799327109009 -0.370857956959748
0.81290978946723 0.593158049909398 -1.18634465654589
0.888277102513239 0.585081501649693 -0.311568449660983
0.91111548891291 0.587758215330541 -0.409841528927107
0.987136741681024 0.571711084069684 -0.616018769947314
0.0268730462621897 0.628753539724275 1.08129827191528
0.0814927056804299 0.636952942311764 1.28352677539541
0.111867939755321 0.640536346016452 0.960200043184824
0.180322214392945 0.620407663732767 0.960150285769824
0.217474789870903 0.60861288337037 1.17893373521394
0.283982173856348 0.630029745483771 0.176764847452319
0.320957592986524 0.634825448691845 0.344987775409597
0.393774256445467 0.608415138293058 0.563386654485496
0.443695934824646 0.617020704448223 0.81209878982437
0.484068101560697 0.629582486292347 0.196600701537669
0.515288669858128 0.635117282317951 -0.203026262170878
0.563871517386287 0.641682285321876 -0.58935038964507
0.628721826067194 0.624030020227656 -0.840993069024641
0.66570085728541 0.627684778645635 -0.958999987390859
0.726242815954611 0.63446481384337 -1.53409001842853
0.786411666851491 0.639297896977514 -1.58793896806402
0.81172243242152 0.641365860179067 -1.42189884659078
0.871175967240706 0.607255289014429 -0.577981257753538
0.923863051105291 0.625116332164034 -1.47728273767886
0.989724272275344 0.619021790921688 -1.43154112560483
0.042028318233788 0.688822244917974 1.46057152485966
0.0902791023720056 0.687257406553254 1.25247027940878
0.131967473700643 0.659693249091506 0.912650990656768
0.193006679173559 0.683507462199777 1.26525611242877
0.225657795770094 0.664410754321143 0.66162185386543
0.278060760851949 0.657998270047829 0.357965688064942
0.318453248236328 0.692425845889375 -0.358229203749926
0.368892985256389 0.661286713005975 0.161637338814058
0.405800972022116 0.680882294001058 0.89743348852207
0.475112521825358 0.661940709846094 0.378203378617334
0.539841736545786 0.655802960367873 -0.834163659378013
0.555252031357959 0.675852553853765 -0.393360839820289
0.607882284959778 0.65845111573115 -0.505692946676551
0.661568448999897 0.666320093842223 -1.0619361153388
0.735813362970948 0.671817396041006 -1.4049572524995
0.784407372232527 0.678491124967113 -2.1599978719546
0.843875025426969 0.687267777184024 -1.96139828701601
0.873658895073459 0.663079808354378 -1.65310112249016
0.907975380532444 0.67337698686868 -1.48516260406618
0.98095272497274 0.672925724554807 -1.61753460284835
0.0353437267802656 0.734349910328165 1.58885227542146
0.0604842432402074 0.733590192422271 1.14999792658448
0.12086338378489 0.738248879155144 0.874272178462219
0.163999413168058 0.740462644835934 0.905500148257847
0.207318342421204 0.74310578295961 0.84238856307619
0.270835707532242 0.727024668874219 0.427412829112925
0.30759713199921 0.725893430644646 0.248055899259845
0.364035457316786 0.711827930212021 0.679855439079337
0.407185164364055 0.724170862399042 1.09367836460611
0.481811281582341 0.715152831859887 0.464695907769462
0.516909671304748 0.706591225480661 -0.400741705046174
0.559028863292187 0.7303920203913 -0.648110444361823
0.607876163888723 0.726582436561584 -0.744881773449064
0.69021762275137 0.710604141997173 -1.64391042913483
0.735169896082953 0.716348471073434 -1.36756003629998
0.787664235504344 0.728321223808453 -2.4305779041817
0.844285614946857 0.711601035688072 -2.24615934158037
0.859143985798582 0.708852044427767 -2.20424454517901
0.908961673174053 0.722144523654133 -2.06117259838907
0.986953264446929 0.719230462629348 -1.26484028894002
0.0363830106612295 0.788797341594473 1.39778495175351
0.0553771962039173 0.765405298946425 1.08966619217959
0.136162635311484 0.755925779687241 1.03413823320954
0.184175626076758 0.789495981587097 0.494211975982873
0.230205274112523 0.768383518448099 1.20098500230839
0.274236433198676 0.780271554868668 1.24179661462361
0.311265474054962 0.776857050349936 0.303351481979777
0.355328620793298 0.770057779727504 0.312934157780277
0.423098335769028 0.762434920603409 1.21491032179856
0.474691733149812 0.772157623646781 1.31020260323817
0.520583484461531 0.780230943942443 -0.475263375392492
0.573586637675762 0.775833694050089 -1.32213857888255
0.633531160028651 0.781384853487834 -1.44510633574099
0.657212077053264 0.784174437252805 -1.31441705873273
0.719191323900595 0.774472914934158 -2.22145814199959
0.787112490916625 0.770378264626488 -2.07579425661083
0.838428353480995 0.755273340353742 -2.78406078770964
0.864509976198897 0.755147369103506 -2.5813016058397
0.91915944410488 0.7947974576056 -2.38716476565583
0.98927541680634 0.759315475206822 -1.04162396085811
0.0391505349520594 0.8217467663344 1.00077320048002
0.0668358182162046 0.833715381864458 0.615106738876689
0.110881932983175 0.83470156528987 0.527472673754017
0.183159682452679 0.839879952948541 0.527511266801511
0.209152267528698 0.829314718442038 0.114290956454733
0.256349110919982 0.835248134052381 0.884797377937464
0.344976181117818 0.838889651922509 0.11440376166969
0.356394992163405 0.829511185958981 -0.023386494152424
0.418535651350394 0.836728966711089 -0.0550218515183761
0.491602550465614 0.805914187338203 0.579489854334057
0.529689410785213 0.821676581986248 -0.331456838860678
0.566451413948089 0.83999529549852 -1.19972439664361
0.634511896120384 0.830893880622461 -1.77840905176427
0.688362172367051 0.841979159470648 -0.963613390188562
0.717570831216872 0.811889003841207 -1.14225016583232
0.774702661912888 0.817632511565462 -2.52707876931396
0.83289495064877 0.837170251170173 -2.17393265660212
0.880658494159579 0.844558536447585 -2.06738533670633
0.930756916599348 0.817895422074944 -1.79775643515273
0.994114136192948 0.805047665135935 -0.413824810259217
0.0215894133783877 0.894686824772507 1.25125297769681
0.0597761911991984 0.8609340956714 0.779168606011226
0.126041186405346 0.856974571887404 0.799208724548035
0.164002934033051 0.878894139304757 1.06829548469296
0.224456470562145 0.867853137739003 0.386094649279115
0.269808591939509 0.876117160012945 0.535681130234382
0.344334007231519 0.886816880814731 0.443874824826624
0.370532764606178 0.857757303873077 0.376984560788643
0.414169793613255 0.882800827892497 -0.0263236790902908
0.479931901851669 0.892945260293782 0.55143425709605
0.510461607882753 0.866110772695392 0.222631643809904
0.593698779772967 0.86497626340948 -1.75465074276933
0.625602872315794 0.861377419205382 -1.74887855003553
0.661522813169286 0.857865202240646 -1.5746048113383
0.729876091806218 0.877297503324226 -1.59182719868116
0.794438166609034 0.874593482064083 -2.16031935093513
0.831750860698521 0.874771694475785 -2.3469602852677
0.871756635876372 0.890534863406792 -2.0376190289379
0.917933799726888 0.856468174392358 -1.74079727107915
0.988410212798044 0.863149752542376 -0.345422806358072
0.0107526817452162 0.925551245566458 1.39679094002431
0.0627126378752291 0.914453595560044 1.76637697806782
0.140869547305629 0.928017426794395 0.725928306188099
0.167324782172218 0.924290316458791 0.783344318909786
0.219532021740451 0.92777410754934 0.486547062592437
0.286357859149575 0.910766092604026 0.46230193224063
0.3127351471968 0.910828350502998 0.474946704101774
0.355710632475093 0.921491324519738 0.902710369186432
0.421264314651489 0.932320411298424 0.735971790271886
0.474326706770808 0.931137112816796 0.466903301110588
0.521873798007146 0.941639453321695 0.694130365395272
0.568712352067232 0.937524525299668 -0.514972964904187
0.639659332586452 0.932035600049421 -1.56614005984628
0.673204322038218 0.937299964372069 -0.787999369380527
0.726350594945252 0.910122576784343 -1.35139571854481
0.793553733276203 0.915031141359359 -1.87845210476404
0.835983661683276 0.918261879663914 -2.01851352426508
0.86335505394265 0.921290771597996 -2.01988303383018
0.9173514733091 0.930414703078568 -1.70687680541375
0.993853698009625 0.937344481796026 -0.541080011411195
0.0283960037399083 0.965352048054337 1.15119288102348
0.0854329450149089 0.98777868559584 0.770485837011607
0.119908375777304 0.955619106758386 0.694414103403735
0.185767756449059 0.981176030663773 0.488078761461508
0.226507087321952 0.987468783371151 0.160705314740887
0.291559817986563 0.973454757072031 0.687495056641648
0.312411857675761 0.963136684065685 0.702663585011029
0.366288736695424 0.955750728687272 0.477575423997354
0.408798496527597 0.96632530788891 0.259028268563613
0.463419483164325 0.991610905025154 -0.0587471217869727
0.544083959851414 0.992347860820592 0.202659667196096
0.566852087015286 0.976701264549047 -0.168301115757532
0.634039321076125 0.963776901839301 -1.13404299600749
0.68642751337029 0.974577112160623 -0.0103995490232583
0.709216709844768 0.987045949446037 -0.174811948115757
0.764583785161376 0.971305226311088 -1.46024457945583
0.815821794895455 0.959148462675512 -1.52304310550059
0.859042339762673 0.966222606990486 -1.42122806167913
0.909716553650796 0.969458648823202 -1.28014367000785
0.994649462234229 0.965369793642312 -0.657246132461739
